5368
5201
5774
7243
5515
9267
2586
4438
5695
739
1431
3494
4926
5049
3017
9193
8820
1406
4041
2243
6213
7527
6244
8140
6759
3110
3575
4602
7954
5447
4511
6188
971
579
2538
8114
7626
724
3623
6804
7002
9360
2777
8436
2874
1931
2303
5082
4038
6264
6724
1460
7237
3952
4527
7426
7710
1250
5618
884
8518
506
2189
79
5583
5637
7917
8283
8613
6186
870
4558
975
1362
1589
5808
8972
3806
1600
3397
4702
7661
2499
8333
1570
8693
4119
6483
5867
7177
7534
2097
8979
3108
345
5031
212
3381
5846
4572
7869
7245
1518
6681
8473
899
1278
7788
6897
2017
6708
4782
7095
2329
8012
3324
8082
7911
2651
1275
3478
3566
4719
2836
6256
3139
2809
6221
3609
8649
7005
8480
9024
4210
4326
8316
4384
6646
8203
3556
8709
1228
6913
690
3176
5131
4876
7412
8267
2465
8277
4153
575
7694
8595
5726
6121
1778
3850
1488
4608
7790
4413
4612
683
348
9190
1728
4640
5990
9345
9277
3411
930
6923
9029
1483
4650
2256
4739
3057
5229
7143
7175
8853
9164
6457
738
6212
940
8017
5076
4353
1459
6272
5865
3388
147
9099
8884
8443
8701
3923
7885
3977
1955
3223
721
5854
4535
7265
6945
91
5644
4981
4966
5985
2119
8794
8508
515
7693
9016
573
6079
395
3626
6800
2958
601
5650
6565
222
4272
4965
8682
5783
3831
8134
7978
2107
4435
6992
6874
3993
8184
161
3968
6637
2680
5427
825
1917
3225
7577
7444
5620
3274
8299
8887
359
5711
762
2649
8176
7999
3770
435
4309
2894
1850
132
4924
5959
6183
622
522
6112
5773
5072
7939
8598
5746
9137
2660
2951
3715
4964
5558
7167
188
6448
2135
8460
6509
2661
3385
5883
6586
1201
9060
6541
6391
289
7146
8949
9103
6206
3697
3193
5924
5408
344
3479
8023
5549
8770
9130
4071
1382
7312
8432
8167
8913
8878
3564
6963
2311
599
4154
2977
1663
297
3796
679
1860
6918
6254
6437
3384
5439
6396
3109
7373
164
5477
8624
7672
3267
6275
8973
6288
9054
3050
3563
9075
3924
1280
2014
6456
5521
8286
7912
8583
8265
1434
2081
4372
1749
542
3468
6873
9209
1539
8786
2990
4048
3672
7066
4180
5508
8320
2904
6664
4459
3077
8854
3172
5232
8992
7625
6360
2381
6007
8429
4083
2637
1821
5335
7491
7768
8185
7094
3747
3866
9173
1930
8608
5288
6906
4436
6782
8687
3810
8440
4182
1039
6668
6042
5020
1692
123
2099
7741
995
3404
92
3998
6398
8049
6086
7153
648
6692
2656
1232
514
5036
3402
5571
3034
5141
931
5843
1707
5401
8638
1089
4341
2591
1994
1215
520
7737
6163
1623
959
9219
8120
4416
1643
2140
2057
3601
3058
1831
8877
7447
4867
7201
8859
4055
8240
2797
5056
5257
3884
2159
7255
2129
3657
1170
4245
5116
967
4841
3871
7263
1368
4925
5994
4096
1916
1832
8474
7248
8647
326
4014
8417
346
6899
7308
1164
322
5405
2423
4221
6538
5974
1861
1108
3844
8452
3276
4101
6807
504
2394
2516
5171
8741
8911
1642
7438
9096
1016
8157
4081
4252
6006
8733
6408
1438
4595
4972
5136
7765
1959
3662
8278
5738
7045
7748
7774
5980
8090
4962
8428
4409
3756
3345
9114
585
1453
753
15
4591
4919
544
8013
4086
3953
7740
4264
5196
1836
3054
4912
7275
4872
3064
6773
3297
2244
7980
6215
1871
9199
5859
2003
6636
2269
6310
3178
8274
2815
9323
8110
6559
4765
8202
5584
5605
379
3508
9416
2220
5212
7322
4298
8447
4847
217
6971
1214
1933
3648
1976
4479
6122
3730
9332
4526
5675
3647
489
19
6210
3669
2672
1510
1418
7176
6259
7558
8098
7443
811
3436
5069
4070
8964
8254
3853
2748
5741
695
3167
5902
4574
8218
6780
2712
5922
9139
1557
8590
2498
1298
5520
1715
7381
6543
2233
783
2986
5596
3238
8808
3845
6638
2449
7315
3548
8744
6547
9034
3817
5840
6601
5356
4763
3530
6485
9255
7611
5177
6466
7840
527
828
8319
6214
4575
8787
586
355
1407
9232
4498
8843
1167
2167
7678
1163
6501
7665
6109
6364
2377
3265
9160
1327
3467
5146
8737
3289
7459
8814
4006
9362
4689
2134
2265
316
9128
8718
6073
3174
5078
4414
6821
886
9422
7411
8495
892
4978
6116
3348
8377
6627
1567
4050
9369
7749
496
5086
2800
4866
2870
3151
249
410
5003
2120
7964
3042
6063
1218
4078
8248
1691
934
5917
6251
9233
4164
6916
3544
3788
528
3713
6297
7943
608
2639
1233
8178
8793
2037
1811
8990
4750
341
3906
6346
4144
8435
3863
6814
1904
1556
7485
4734
2223
3745
8335
5849
477
8849
1151
2305
7270
5787
6455
2408
1585
3462
4347
7361
5376
9271
8321
8292
8068
5570
5928
9327
6290
3131
2751
9088
4152
7202
7077
6703
4659
2939
694
7258
3141
8235
6199
4287
8644
1661
3880
8997
8125
5481
2021
4700
2871
4764
6234
3341
1883
8671
603
7538
9326
3087
4266
8863
4503
6862
5202
2422
6492
1899
6575
1352
7526
4638
5553
7996
6795
6218
8230
2392
5097
1245
2242
2278
6388
3464
5673
1759
3531
9132
6644
8078
5597
3627
1592
7573
2231
2252
1579
5344
8002
8247
7591
7634
9151
2096
6316
4032
4137
5377
9208
2735
4767
1508
1057
9336
5744
4945
5693
5680
4790
2817
4447
388
3369
8554
1999
4808
582
3387
764
7892
347
3022
8704
8728
8747
9359
4691
2123
3994
9071
7651
2993
5551
1597
4941
1681
7104
167
4362
2090
1824
4989
2210
8252
507
393
3960
9144
4556
235
5483
1907
7012
3026
5594
494
3951
5068
4401
2216
4562
9129
3837
2380
7132
4686
3670
7905
7722
1416
2546
9419
8434
3248
5767
4497
2297
5077
4375
7030
4145
936
486
2821
6602
175
794
1027
1331
1962
1929
6580
3247
9358
8343
1198
5778
990
8420
4803
7034
7595
8018
7240
5252
9079
2580
5445
3515
1288
7101
1326
1822
889
6866
4521
6181
9253
3541
4302
7636
5315
5970
9349
3917
8330
6124
3293
7465
7708
6038
8077
7320
4281
4360
2974
8269
4839
7553
3258
7174
8534
5281
7618
8795
5652
2995
2943
9396
3886
7984
3883
7589
4250
6689
4468
676
3245
8976
482
7218
6704
6912
8257
8812
2341
872
5162
4706
7688
6155
7881
6661
3070
4085
751
7798
1091
9172
32
1405
8380
1711
7841
8637
9282
9423
1206
6390
3554
8160
1003
2518
5209
8888
8502
1301
5986
2506
7018
8732
3919
6506
1614
7398
5271
9388
1910
697
64
2833
2282
2457
4916
53
3795
9226
4801
7645
380
941
120
368
2463
2755
4864
5681
9373
308
4793
7747
6051
647
5491
2495
2366
4915
5811
7705
6205
8809
8719
7681
4318
5715
3465
4133
3173
8571
3334
1014
3733
8389
2485
1960
1712
9278
6245
8939
9197
8651
1730
6990
9406
5881
6154
2997
1026
4927
1785
3767
9100
5501
3007
8943
5538
524
7203
9295
8047
229
3357
2514
9351
5247
7823
686
7241
840
2902
2502
5943
8359
7226
8143
2374
2109
4434
279
237
2665
8331
6266
578
3599
1505
2850
3694
8775
3908
1823
9039
925
3652
8940
787
1804
3873
6418
2403
2627
6171
2219
1604
7950
8653
421
6439
677
8050
6497
776
210
802
1735
5884
4158
9076
4365
3295
6791
1675
7017
7129
7058
3915
1222
31
4820
7921
6875
4021
8419
96
1771
7703
2398
3432
9401
6648
3760
3264
2182
104
1259
1829
7010
6385
2912
919
8349
7643
2388
6392
3700
946
8400
7994
713
6274
567
3804
4549
1562
2960
4579
8075
1819
1610
7835
8080
5369
9093
702
394
604
915
6859
4646
1056
3482
317
4214
451
7813
5099
7944
3980
732
4544
2883
3168
8476
6379
8083
5468
1764
7816
6378
3692
2195
1343
76
7758
3774
2934
3492
3356
1887
590
1279
4162
1204
261
3783
8188
9281
5048
4174
466
4285
8285
6331
8171
3536
0
2880
6201
4581
4532
6101
7360
5593
8212
9049
5431
8868
1554
7021
4975
4621
8010
7561
2005
8245
2160
7086
366
3434
6258
6502
2367
7620
5457
4718
4993
7728
4625
369
1783
8844
1530
2241
9108
6134
9379
7467
7565
7117
8108
4448
6720
3802
4361
2527
609
1446
4307
266
1223
8955
3442
6067
5872
232
4726
8040
6577
3241
2227
3162
473
323
2853
6571
6230
785
3300
291
707
852
3640
9061
7935
4445
4708
70
7407
7603
6461
8802
511
4052
492
2606
6147
3511
5100
3736
463
6579
2083
7102
7789
7656
2980
3217
6747
2765
1126
7763
6961
9342
3727
3106
8705
8628
7525
372
389
5818
8484
5314
4648
4237
90
2237
4198
6282
2676
3424
1401
4522
8625
4004
4130
7876
6058
7020
855
7200
5939
7613
315
6450
7009
5429
1122
4001
3768
8984
2901
1045
7321
1498
4732
1080
6176
4377
5977
319
3426
9186
7902
1344
918
3360
2731
9010
4332
2284
7953
4514
4557
7341
621
8629
4317
2722
119
4667
6037
6077
5479
7724
7739
5285
6863
2801
3443
8455
6300
1996
3371
1898
7684
1281
141
2362
9340
4366
3140
1273
6231
224
351
7424
192
5330
2444
62
7641
1106
4688
4458
1189
1247
4903
3723
5380
7390
1947
5668
922
5915
3990
8344
299
5504
2625
4937
4642
6743
5167
8038
3253
5991
1693
5231
8934
927
5354
2353
7070
7637
1509
3514
537
7233
4894
2338
6308
2910
2919
9218
4472
7350
5585
6441
5862
4614
5320
5265
4704
6889
5318
7764
8789
9365
607
438
3882
6604
4033
5436
6556
4397
5347
3257
2378
6710
6143
4025
6092
2376
509
2682
2055
383
4053
4122
8276
5373
8482
2690
7529
5677
8223
4453
2557
4559
5191
3232
4059
72
3540
6548
997
3875
1502
1601
4156
7780
5656
2349
3008
6148
6569
1032
5497
2063
3816
7753
6884
2725
471
131
71
5698
1750
5704
1447
306
6469
5110
6029
6611
5105
1842
80
5017
8183
3724
5771
6727
8815
1754
4830
8873
6055
78
745
3507
9412
8604
6670
4959
977
7262
1348
3116
6649
4177
1139
3249
6596
1202
9384
7948
4679
9205
4452
737
5719
9420
5053
2301
8485
2433
4328
5563
449
3362
4674
4545
8755
4629
5916
7186
487
6025
3137
660
5861
7099
774
7928
497
6949
4838
8937
6836
2667
7188
5578
9294
7198
6829
7554
6982
653
3755
1957
1755
6035
9245
3820
7834
1872
3921
1828
9394
8650
5702
7997
3066
4567
2895
917
1956
8470
5745
5961
5055
170
2786
7215
3149
6045
3617
1963
6400
1397
6915
1243
3780
3368
4598
7734
2369
8623
1683
461
8287
1432
6682
6082
2819
8667
495
155
7040
6688
9242
8708
288
8175
7821
2089
4076
2022
9309
2531
3961
8523
6657
2179
3490
3321
2909
1394
7431
9174
8807
9260
2215
6976
4425
4791
8381
7957
2897
5324
4505
7524
8111
7461
6691
3673
431
7716
8961
5040
8542
2646
1688
6510
4896
4017
6516
102
1925
2399
7063
432
1427
2861
6265
9404
5490
7498
183
7358
7067
8655
9316
559
3892
6222
8648
4678
4002
3849
2401
5757
3031
8493
484
5676
4340
4335
447
7616
5075
2291
8785
6229
1543
4484
6257
4030
7934
8659
5065
3373
4698
894
2613
3549
6404
8928
8405
6397
1561
854
6870
7759
4450
7227
2675
610
4493
6144
7607
1415
5389
7490
6313
2587
823
9047
6922
8039
4168
8944
5199
3619
6860
5586
1665
5632
4286
5946
4005
2409
2973
4057
6434
3913
7987
4102
5923
7893
8509
5780
6895
8607
470
3772
6761
7975
6712
2197
5240
2604
9195
4334
3305
8327
7888
1926
6194
2693
3394
26
2881
6728
7754
7225
2238
1689
7050
9210
5614
1864
2878
7244
5000
8535
1160
8714
5363
2978
1797
8646
6283
1324
200
7236
1404
6558
4729
5672
2009
1791
4971
9221
9385
5013
6788
6198
6529
3992
1847
1433
1211
7706
5061
7861
5897
5424
1395
6280
6511
5019
9180
809
1096
8238
5296
8196
4124
8301
2697
3262
8384
2023
9344
984
6820
7691
7150
4563
3722
7794
2696
3751
8346
5170
3056
6525
3475
3185
7216
2791
6745
5482
7517
1717
2635
6987
1017
6989
2402
2811
3095
2863
51
1297
378
879
8350
8572
8545
8676
8953
3868
1456
3899
9057
5134
2868
7831
7845
2006
5142
6253
3791
1624
3366
5683
8294
2737
1571
8092
433
4349
6816
4682
6905
5067
3117
639
795
6443
6855
6665
5969
2191
4775
5499
2482
964
6632
6947
8006
9089
3046
923
4994
2925
1964
6817
4890
3499
6555
3454
2356
6560
8168
4956
2674
7100
2497
7479
8366
7425
6631
5033
1590
4418
7982
8914
185
3382
45
4883
7955
8696
4020
6014
2437
4301
5561
8881
129
4879
6655
3590
9375
3925
3187
2355
5613
521
8042
407
1551
4911
4832
2156
9111
28
5634
1906
6504
4869
1534
4344
8894
2641
6762
9398
9066
6539
2703
8297
5398
1775
5107
9202
1682
8690
1411
3410
7178
5392
3005
6635
4661
4749
2917
1521
1458
810
9343
2652
3867
5709
311
7369
268
3759
1863
6969
5455
2505
6356
7208
9356
1793
384
4427
4358
5891
7795
4115
7867
4296
8342
2892
593
9262
5705
5334
1443
2579
5366
8610
571
8354
2715
7925
7042
1849
700
4407
1319
3163
1229
1391
1700
1890
4930
3486
8935
9374
5260
2532
3703
7079
3997
6074
2664
1547
5506
199
5754
7562
849
1542
280
7068
4129
3938
7410
6322
4323
1588
7316
4194
8507
3027
7500
1729
5192
8904
9306
5410
1736
8685
6015
2466
7029
4857
1282
2489
1439
805
1813
3764
4787
7352
6057
2313
9269
1891
7214
8279
3138
239
5323
5860
9320
5572
6641
2266
8041
2533
4167
720
4148
298
3365
3542
6707
6110
6415
7920
4079
7773
4408
6902
29
9285
6882
1193
2963
6651
3781
1497
8565
7457
3567
4852
6150
8621
453
2788
2459
4212
6647
1084
957
4856
8923
6044
7403
1048
1166
374
5669
2662
4755
458
3230
3824
8459
6698
4758
4696
966
4139
3495
3624
8121
5511
5763
5895
3543
201
5736
3521
1631
7303
454
626
3633
8910
8664
5890
1697
7864
3169
275
1448
4639
646
5343
3967
3614
2108
3959
4100
5550
5164
5735
2187
3155
8739
3843
8499
5365
6928
8773
327
613
6226
4363
1070
4540
39
1081
3237
9069
2609
7908
5544
2441
8780
4132
294
3091
620
1359
3420
3763
8109
6667
4342
7884
6777
3812
6528
5341
649
1792
7967
8261
77
274
193
2481
1942
7658
74
1095
479
859
2445
6241
4176
191
8735
3099
5955
9313
189
134
6043
7345
1790
1236
3790
9113
2629
4402
8525
1138
1977
2274
7383
2203
7133
2758
2989
2393
2288
6476
2988
725
332
3189
1171
2152
2724
7064
2404
7483
5567
9264
1053
263
4051
1973
2824
592
2645
8162
1440
5371
3841
3082
7512
1262
2670
286
7423
3588
9357
2270
2802
7973
2953
8883
1932
281
6908
7011
7
8227
6145
2736
5610
7837
3480
1025
9023
5058
6076
5542
2004
3895
3290
5108
4622
1393
7757
3299
328
733
3000
1311
9371
2564
1690
302
7838
2149
17
8415
8079
8746
5788
1660
8180
2773
5609
2001
5725
2028
4873
5474
3750
2746
8454
4135
405
8284
5390
5967
8186
1888
5978
1467
8469
9270
2382
2535
7974
1489
8778
3291
365
6166
2823
4047
2511
462
1565
8938
1220
835
5420
3679
2686
5282
6598
6352
2517
9380
4244
8326
5830
5383
6069
8605
6453
321
3682
5384
1848
9068
7903
4381
7125
1011
6296
8563
4338
2325
2400
2326
968
8936
8481
2064
4539
9328
9067
1538
7966
1611
5968
6500
7264
5749
9337
2964
3600
2315
9366
2049
4325
9228
7627
7139
6683
5411
1503
7803
2768
5127
6151
5337
2831
2254
1787
8591
7729
8205
4904
8307
5045
1230
4552
5235
8917
538
7817
1165
7952
4269
7278
2103
225
1086
843
6830
7391
6920
2946
3457
5023
5158
8195
4019
8310
2577
2962
5486
8438
5165
6307
6315
2744
4634
7958
2294
5437
9013
5722
6876
2236
1816
6137
3829
4084
6460
4842
5470
3505
6414
139
2299
1672
756
8465
3690
4733
5660
8356
2957
408
6769
303
3236
7660
7683
2911
7549
6770
3496
5228
5473
6879
3502
2128
4207
7428
6488
1040
9293
6563
1441
4029
1028
2207
4974
9347
6191
673
628
3769
3002
465
2198
6184
7907
273
5464
1533
4165
3958
8880
7696
2504
3631
3325
4495
6872
6036
1513
6673
2738
7513
2344
6591
5713
5691
8869
4126
2178
2478
6487
6524
6426
8612
6446
3389
3069
1762
5456
722
7463
7222
8329
709
1781
3926
8004
7156
93
4127
7536
440
8766
7669
3528
2461
3681
2893
8982
5088
3674
6975
7804
2446
3020
7097
4806
1317
1637
6470
5205
2916
8971
2575
891
5839
7400
6861
8497
3735
6478
7713
6878
9135
8398
6554
1773
8378
8825
1060
950
2085
4297
5043
7204
106
7671
375
3876
8675
5402
7622
2678
3741
8151
8544
8478
7295
5227
8094
4268
8477
83
2154
7454
1235
9421
1809
113
8660
54
9006
1009
792
4336
602
1103
5554
4520
8099
5910
5263
1195
2071
8374
3933
3581
5945
672
8466
2290
6106
618
4103
6766
5159
5982
8866
6626
1939
1093
166
1555
6267
3675
1748
1364
8669
1703
247
4680
9162
5564
101
814
1609
7566
35
6545
1092
4759
2146
9408
8264
7118
7014
3794
7135
8396
6336
9059
4333
1607
1493
2141
1124
1002
3473
8689
3250
1713
871
4403
3988
2186
1673
993
3836
6090
1225
1242
391
3453
850
4658
3444
1310
3044
1320
1558
5089
1196
8158
8805
6676
4088
7839
6104
4419
4710
5556
972
7686
2190
9334
1224
7089
5565
5700
2183
3560
2621
5760
1360
3686
4324
7376
2442
8067
9098
1965
2387
8977
7578
3665
9042
568
7593
4217
8799
8724
2869
635
3742
4942
6970
8113
151
2250
4166
7874
4829
1049
9317
9383
2754
6781
7044
5237
3671
8052
9417
7709
1008
5480
8532
7916
2830
4420
6557
4227
7419
6430
5670
4270
2170
9020
3819
836
4840
5494
6365
1978
8818
979
2271
5612
8032
4735
4871
7024
412
4991
7170
1687
2379
7847
869
8575
2214
3089
3969
3417
8446
6359
2153
8001
3591
6948
4346
6490
2826
2541
7493
8070
3133
2761
8810
7460
1429
4501
182
5268
3277
5321
7866
4022
7600
1723
434
1564
2276
3688
5909
5138
1358
5908
8632
3771
1667
7152
7393
7092
4404
4374
2246
2560
3254
2343
4259
8699
5674
1746
6250
3338
1475
100
1289
6278
8581
5471
7675
867
3635
7119
1827
9003
7979
9315
5999
3519
5210
1414
3702
2492
960
7039
4984
5868
9055
5847
2969
4858
684
7769
7409
1761
8093
1654
9377
7362
8899
4606
654
8945
9370
8547
780
9303
3218
1072
1949
4819
826
6943
1839
7304
7750
2933
715
1361
8371
5876
5631
890
1013
4056
3944
963
2260
2240
1952
1915
8731
7638
2926
4280
564
7106
3989
9203
4633
8229
611
6002
6127
4740
9321
9204
4672
1241
3227
5527
7377
400
1159
2545
5752
5222
1342
8076
4191
7292
8988
9250
7019
5805
6654
2707
9000
5582
209
4889
868
2372
2043
5513
8978
4895
6999
3999
2599
8124
3955
1486
2523
4897
3326
416
2087
881
3224
6896
6552
4968
2139
7991
8191
3512
8738
1782
1575
5911
3896
4580
7267
4485
7863
3785
965
1119
4331
3209
3092
5137
5665
6515
370
5475
848
1685
474
8088
7049
8791
9324
8479
6412
6189
2608
5688
8757
7194
7455
3593
168
591
6716
2273
2631
7080
5896
7941
6864
6263
430
455
9150
8163
5239
5893
1634
4322
3308
5753
3413
3765
2426
2114
7717
7655
6887
4373
4692
9104
3374
6891
9220
37
5469
4282
5905
2967
3636
4215
5654
3147
5476
4423
7962
5750
342
2734
8410
8681
6071
7085
937
7571
6603
6271
3645
6327
3255
1982
2487
6032
7644
1398
4778
7453
5026
2283
3840
7520
3935
7698
4504
3963
6941
7379
5423
6755
5174
1369
7401
1694
7856
1520
8355
7906
4466
1142
8437
760
7108
8197
7685
8119
8491
7122
429
245
652
4619
9073
8397
3576
8551
1421
671
534
5966
4751
9304
617
667
1107
1266
424
1742
7384
8536
1197
2157
829
1679
3039
6096
5322
3018
154
1867
5996
8019
2034
5154
8323
5938
8842
3813
4121
5546
5666
3256
987
2451
2906
7597
6062
2042
3920
1188
583
9272
7889
1413
1734
6660
4707
1622
2454
5646
126
4685
3275
5242
8453
1923
2759
4754
3580
3656
1479
1967
8091
4469
3902
9082
4863
7193
2312
6125
4046
6805
4524
3157
817
9145
3284
5706
2603
5454
2959
7587
3523
8652
1584
2494
3260
3489
7830
6177
3728
7209
5123
7511
1767
2553
5907
6748
8856
4481
7395
1111
562
2849
4777
9189
8345
5128
2851
5309
2569
3748
9146
4163
5616
1866
7989
1303
3680
4546
5275
9080
4255
2539
500
5422
6474
3483
4044
7123
4461
1878
25
8630
8128
2370
3181
8521
775
6986
3613
252
1118
2994
7796
2000
8494
3766
1291
6854
1695
7990
1216
2882
4586
3062
3065
6479
3666
2753
1469
2125
4223
7475
5223
8424
6946
6380
1514
3658
4311
5172
2092
2930
1355
5764
6061
913
6849
5467
1519
1743
4721
2066
2956
7281
3354
530
5161
8806
5929
2804
3009
3011
5530
6348
130
6115
2361
3024
7037
8291
3337
1529
1237
1143
7359
1269
9176
9165
158
1351
2704
1112
821
485
44
6008
1876
2245
4480
6225
9279
6332
5332
2150
6228
4605
9106
4045
9065
6978
1226
2563
5336
4386
935
6786
5339
2610
5426
4444
3622
1950
387
6161
8683
8954
2772
3945
8061
4510
5648
3466
8022
7721
6900
1123
857
4789
456
3278
841
6757
1442
1738
2048
8522
103
5246
2657
7307
5092
5845
7846
4655
5349
1911
2847
1998
5953
3649
14
7882
8836
6190
2940
8838
6937
162
6764
7059
2620
8309
6669
8957
5024
363
3900
8368
8561
2795
8951
467
7325
2723
2950
2056
6725
1412
680
7647
3897
2122
5181
4687
5540
1814
2280
2856
6585
3738
6232
1258
746
6732
874
2411
122
2711
9249
3905
6318
3288
7026
7673
5747
4216
8383
8524
4093
8885
4233
8225
3789
8450
8347
5021
41
7252
863
6020
888
9191
6401
3569
6965
2643
2548
9211
3659
3704
5505
7820
4761
2572
5301
8566
7001
3216
2026
3752
411
6465
8074
7583
2453
8129
1726
4277
7191
4293
7003
3239
6798
7743
3552
5425
340
5769
4529
804
9299
5864
5444
6413
409
4143
5217
2568
3068
6236
2091
9157
6097
1838
444
3029
7477
406
1365
21
5573
89
6132
9341
5888
8239
2253
7872
532
6295
8281
5001
7887
6159
5684
1985
2961
6680
2390
8234
8152
759
6030
6734
6411
2574
4766
180
8639
2524
4410
7288
142
6996
7836
2936
8164
8715
1986
9014
8179
6001
4944
8941
4715
6686
3598
5125
6597
1042
9021
4513
8864
2787
5498
8336
6424
6741
9041
8364
1710
742
7791
7232
7229
4284
8194
8174
837
8431
5029
4205
842
1227
6160
178
9005
2798
7873
4711
3539
2016
8924
3976
4534
7829
6977
9246
5166
887
8244
2010
7771
5624
7324
6551
6904
401
7818
4433
2419
3484
878
2391
1894
8358
924
5619
1454
7767
543
3364
9290
8303
8751
3965
4783
2612
3949
3285
6131
5262
5198
4150
7388
7822
6561
846
5109
2200
3493
2935
1578
3912
4757
1970
4415
2024
2412
6399
5012
2414
2352
998
1207
6700
2891
4528
5446
4097
856
703
4861
4187
7035
5878
897
3553
8634
4683
4371
220
3200
6993
1383
2059
4382
8932
5689
6179
4727
1975
6881
8220
1595
2332
7519
6967
5956
476
5958
3040
4031
6936
860
2762
1582
2181
6894
491
3414
2212
5121
7025
4219
364
1128
3001
108
8298
3408
4476
1472
4327
1074
6138
6440
9390
2484
1353
1255
8974
4426
640
8803
5182
6464
9063
8360
1865
5762
376
2970
7169
8769
5755
3171
7619
8947
8305
7111
7572
905
7449
9070
2258
3400
5160
1178
7560
5169
5396
7436
976
4654
292
5870
1615
1507
3749
2771
1638
390
4201
4034
7430
8117
5133
5114
5261
1646
9273
3440
6169
5833
8600
6974
2318
3320
3231
5400
244
880
4489
1801
6140
4853
3222
8618
6066
358
112
4837
4406
8379
1437
34
8848
5139
8170
7825
1912
5150
69
3280
118
7745
8008
1221
4620
2460
9168
2834
2293
2692
9308
9040
3380
4701
99
2488
7414
5004
8717
7306
6
4467
3053
1231
9083
6355
4709
2383
7282
6779
4035
7667
5965
6553
137
600
8408
498
8051
1751
2131
3587
6958
6619
6932
803
5743
3708
2654
1768
552
6482
5781
4664
5465
4811
3372
7299
1522
636
8745
3323
1373
2094
5509
8020
6075
2887
8159
7687
2302
8095
8694
2405
2858
8578
1756
2760
3240
9077
6429
3881
1825
3551
5453
2552
314
5857
3628
2069
7532
2165
2701
6834
6550
6065
3918
1656
6599
1984
761
8182
1380
2945
7699
1083
2781
3441
7606
4943
5766
6594
7657
7173
1283
4731
1461
5964
218
3392
1271
4877
6423
3642
4007
1274
2439
2699
2462
1079
5703
3732
194
5500
238
6719
5823
2226
3191
8199
3720
5066
4647
8386
1157
6270
8416
3753
6024
4590
735
1384
8797
2825
7719
3142
2007
2432
6843
7338
6141
2688
5782
4826
3501
4997
2033
6957
5027
1545
8064
94
6824
740
6589
4474
2752
8846
8823
7848
5403
2176
1457
1067
1544
5894
3427
7602
781
2350
3637
4670
1833
1664
4278
4697
7356
5041
4000
8045
6243
818
2999
2941
6815
4611
1205
1125
4843
773
8444
5947
4226
445
952
6223
7286
6207
6810
994
6000
5233
4810
5653
6735
4117
8246
5187
1580
1399
1559
8422
1465
7947
3510
8259
2447
5626
1753
6678
2296
5064
2747
6837
2720
4376
6099
2493
8915
6268
5717
4023
5299
5096
6425
3706
2415
2298
9265
7537
4742
519
1647
1257
6621
88
7507
60
5932
1826
4885
324
6021
1718
9141
8855
5008
3136
2947
5898
7635
392
513
1587
5014
2630
450
896
1133
153
4603
9156
11
1145
3947
213
4256
1186
5300
6246
5355
8150
7680
2600
5887
3078
5430
4610
4599
4329
4343
3729
397
898
1425
3602
9030
7145
4492
7378
7855
2224
1476
6717
6768
2211
4131
8573
4831
2813
4067
7481
4482
8929
5346
1097
2640
991
7568
5206
7712
9400
3604
1029
533
1893
1852
8557
1436
2860
6952
460
8226
2476
5273
6098
9252
743
3734
8048
9348
6343
5248
5297
5536
2137
3306
8037
9117
5152
7711
4350
1409
3301
2475
1776
6180
9353
8059
670
8684
769
5463
5806
8224
6663
7458
9033
8892
6505
5581
3799
3203
6526
6333
417
866
6951
4289
650
1972
6419
6608
7047
1390
6954
8845
1550
5737
2730
2536
9134
6330
7471
8512
7114
2918
5254
1336
6633
716
6980
2605
5293
4952
5566
4396
7048
5901
4073
1794
5350
8640
3777
1329
2015
2814
5834
7509
2972
2636
3809
7013
587
5759
8300
3474
1684
3516
5195
5545
5244
8983
3983
5816
8666
6113
1752
8338
6372
7330
58
1478
2992
4752
6921
2510
901
5113
824
8663
2702
8293
3036
3833
1069
2922
7631
8135
6823
9192
1109
4613
3821
7076
5952
8504
6514
7701
6940
6898
8577
6564
362
1593
2784
523
6174
1144
4128
8053
5428
8100
4875
4383
3226
8673
4183
8558
367
1835
8750
2794
4024
7923
4003
6507
9078
2585
5539
8826
5658
3712
4967
1354
797
1795
546
3526
2522
6305
8886
7112
204
6513
7801
5858
3890
7254
3644
4291
8190
4499
9258
4370
8513
4037
240
208
2279
701
4551
9062
176
296
6298
2230
3456
8959
8471
9367
4095
8215
7231
6612
3075
2333
2068
6721
2581
9427
7158
982
3801
4018
3476
7857
2624
7380
4273
6326
3259
1444
2050
7933
808
1512
9426
9387
4657
7779
517
6521
1758
5325
3643
7417
3513
1260
1325
3213
3386
5937
5035
1541
7036
4914
6567
5828
5215
1868
7648
1524
2979
5559
136
958
2991
6738
2742
6639
4859
3683
4478
7404
9251
4449
5266
258
1621
4494
4776
1918
3313
7988
2698
1299
4970
5933
7575
5889
8860
2336
8811
605
8546
4998
4644
9012
6956
1400
929
5193
4290
3025
2075
8392
5548
7730
8622
3412
5312
2743
651
6449
382
2145
8412
2213
4399
7891
276
7206
7550
2719
5224
7268
2923
7797
6848
8472
6842
6546
6149
6833
5059
7416
5200
7154
2628
2058
5179
7772
4054
4109
778
5183
1639
5649
6792
5378
6679
334
1137
2136
8726
8906
3964
4010
5461
1525
6220
5345
8908
2111
6459
6395
65
171
8665
8783
6674
2323
7633
3318
8991
1249
8817
4636
1983
2512
9238
4477
4684
9241
7027
4330
7919
8487
772
2032
4530
7006
4149
5132
661
1064
8560
3458
3051
8713
5639
4422
7141
9261
6535
5512
943
657
3545
3991
820
1652
5992
5415
6607
535
8255
832
1105
5690
7870
1140
7192
9019
5319
7368
7809
6677
7207
353
8027
9046
9
475
2529
2413
6031
3021
6381
349
8606
5824
6600
3093
6041
4490
2534
5190
3725
7211
6393
5331
490
555
3779
6017
2188
6818
7547
3204
2472
9110
6146
6774
6444
5414
7901
1293
9225
1305
310
4352
8543
6772
7697
2371
6255
6903
3582
7053
5359
81
1466
7895
1874
262
6291
7043
8528
566
4072
9301
6458
7084
5119
196
3086
6929
9216
6656
539
6643
5625
3597
3477
305
2839
8011
5294
4798
7963
2490
3028
5856
3847
2473
4920
8161
7932
6123
6919
3269
7751
6484
5516
2363
5203
3562
8475
8448
4536
3281
3970
8193
8232
5245
7640
8931
3379
8403
7386
2835
8760
318
8102
7326
4209
3677
3431
2417
5051
8585
23
8510
7331
4460
8155
3506
8559
1702
2285
7075
7674
7811
9244
4251
8727
5404
1077
7588
558
8758
4645
8567
8302
9352
5972
3825
3391
4026
7260
8695
7052
6642
4928
8401
7437
1492
6321
8920
834
6858
2025
7487
2345
5094
7877
3049
7190
5264
2650
3786
1820
1527
1341
2234
2822
7332
3830
5151
7584
7022
6247
7833
2320
7452
4935
3448
4825
68
5241
7235
9389
6107
4585
4134
8021
5284
3793
1880
6428
2101
1709
3124
6046
678
9045
9097
9002
133
3100
4593
6368
8548
3603
7046
5687
6217
3811
7827
8214
3641
7806
5603
911
2013
499
2364
5050
5714
8365
8837
2467
9411
7301
4462
8776
5798
2700
877
9188
6714
7659
7949
3684
8570
4471
2142
3778
4681
5484
6933
8891
8905
3705
8258
2779
763
7435
1183
9207
7406
7473
7183
4570
6158
4315
7142
2468
8753
7556
8413
5532
469
3455
791
5218
9050
8538
8370
8515
5832
5740
8373
5813
786
1073
3709
4568
6687
7375
4784
2987
7756
3574
8173
2900
5629
1423
5951
8387
2928
2047
1015
5250
1044
7346
2706
1577
5825
2642
2540
6653
7826
5386
895
5906
6128
8821
1701
8781
5685
7986
2196
4074
4986
9022
3310
7083
9234
3857
3971
6227
2106
5799
3153
7585
9170
8688
7302
1594
4239
8641
8749
3835
5979
5095
4181
2337
5173
425
3664
5270
3164
215
3685
1187
6417
9163
2509
7781
5302
1940
9240
8014
6023
3646
8576
2443
9179
7668
7924
8208
4665
6486
7819
1058
4486
7277
4736
3447
8830
87
2618
3710
1744
4283
7103
5998
4854
730
1739
1981
5348
2428
181
3198
7946
5220
2080
2726
2842
480
3698
1158
6576
7676
7844
3439
6494
2113
4728
3832
5103
6767
6238
9413
865
556
1452
5084
4849
1264
5216
6130
5528
4923
8517
1175
1855
107
1992
7777
5326
4068
1309
7314
4760
5560
999
5122
1946
1330
3083
4607
5756
2104
4799
2130
3814
8236
4827
7890
5821
246
350
4263
7937
4049
827
807
7738
3003
5590
6645
4693
3851
9133
8288
1470
3471
6126
3616
8063
6819
956
9064
2169
3517
4690
1217
4795
1272
2866
4008
8777
1540
6726
8801
6964
9158
6284
631
7327
1169
290
3233
3103
8036
5333
3472
6901
4271
6345
8930
1569
7609
9102
5936
5599
2623
2633
8361
948
1192
7405
3032
7854
8375
6328
7927
6173
146
8056
3353
1114
9072
723
5358
7432
5018
3035
4066
1019
9256
8601
6363
2436
5853
8925
5903
2695
3212
2375
9376
2261
4950
9243
3865
7351
1938
6620
7596
1737
8759
4243
1763
6120
9407
7054
5279
5751
1686
7865
8097
236
9368
7859
8948
8057
5510
2147
5251
3235
4921
7940
5087
5234
9286
4725
4507
1599
9101
1066
4204
9201
1568
744
4028
1789
1627
4306
1741
9009
570
9361
3096
9115
6135
8711
1908
1650
264
1375
6960
3822
5517
7136
996
6442
4385
799
718
6233
1666
3839
7418
3406
4714
4229
3634
5052
2501
284
5374
1244
4663
4432
5836
6309
9382
4502
6671
6857
6026
3195
7914
419
4193
7770
8748
3608
8488
560
6054
1455
1598
4392
6009
2143
3461
7896
6856
5863
6570
4234
779
5338
4833
932
9338
1435
536
3215
7340
2340
1784
2316
4822
4412
8409
2229
4015
2865
822
6749
5795
8382
6997
8505
5221
5317
1895
3625
5440
2593
8295
1428
5487
1802
8192
4123
8835
4411
3972
8800
6531
3425
27
5533
4730
9178
6489
1174
7184
1806
6033
4908
2287
5662
5062
5729
5900
7440
2218
6072
7590
1033
5555
6317
7535
4405
2879
140
9028
1629
1490
3333
5438
1116
642
1674
2222
7093
9140
8615
2486
8081
7151
9153
1065
1121
8007
4836
1504
1300
2420
2275
8537
8211
5006
9236
1051
5814
6349
4817
749
7162
5981
782
7415
8697
1924
8550
8065
4887
6004
2710
8763
4772
8411
143
4146
747
5145
8062
6822
734
9138
1805
3071
3946
3398
4488
9166
7220
7598
5899
5037
2180
8722
1308
2741
8889
942
8395
6375
5710
5734
6536
5519
9410
3438
3984
5641
6803
6756
8222
9425
3754
8730
1339
7690
1613
7294
8768
6697
5987
9212
6540
8200
1655
4192
2239
3192
2406
1722
4069
7187
727
5815
2040
9118
6790
4917
1487
5667
1677
3930
3660
7786
4886
5820
5772
4395
8788
4508
2102
7285
9283
7504
2638
8832
5186
8430
8044
4909
8712
7650
3047
4809
4394
1980
2088
1731
1971
2418
6850
3019
1943
3206
7334
6435
1180
5148
6303
4652
3522
2685
4738
2582
9284
7972
1420
5495
6799
5104
3721
5793
9289
1745
3962
4753
5611
6523
5696
3156
1350
5394
4308
8519
6052
6235
7451
1316
5944
7752
2820
5941
6085
6926
5361
5360
6693
8529
5307
10
6606
6192
3957
6629
7031
7563
1473
2996
325
7522
8312
329
914
8207
7858
7530
4470
1997
5070
6279
3565
3014
7612
3893
630
4705
2046
56
4196
2803
2998
6403
7496
5940
307
4113
7976
1902
9333
6617
3823
5098
5485
6094
2614
4845
3294
3907
5954
7601
2885
9397
6454
6702
4295
557
5441
949
4630
5280
7138
282
1277
1172
577
1213
2567
4189
3273
7456
1177
1796
606
4248
3488
4516
3932
4441
8210
6361
6925
3594
7305
662
8627
4312
4388
3854
3974
5589
6765
3695
9027
7385
3055
705
512
6152
4737
2705
6888
7007
9300
8879
2721
938
1102
4155
6813
1153
6329
1265
8827
5238
84
574
6374
6339
4288
422
5213
6701
6588
3302
1733
2070
8221
2357
3846
4723
8927
1379
4821
7196
5277
1041
4592
8579
4443
3651
6084
448
4475
3315
3331
2434
5761
9395
4589
1085
3271
6684
4907
7291
226
6827
9058
7897
1844
6139
4744
5274
8754
5758
696
8325
5176
2566
221
3943
6421
3154
3343
6935
1134
6353
121
4979
8994
7450
612
7289
4391
4170
2913
5204
906
6431
2262
8263
3487
6261
9263
819
5971
7959
2410
7615
6117
1523
912
7783
8729
920
6451
6342
5381
5621
1035
7516
8597
8148
7700
5496
3451
3668
4980
3314
7396
4578
6731
8165
882
1307
6182
6587
3757
7695
5291
2208
2708
4988
3942
9322
2247
6119
9116
2589
9346
2778
8902
7515
1548
5071
5130
5185
2717
8816
7166
698
8592
7802
5310
5305
5295
6972
4951
7938
443
22
1857
5140
8341
3339
4142
4844
7004
6893
5391
4065
1464
6517
1511
2615
1612
3145
1708
6690
2890
2232
6737
4865
8620
1410
8467
202
5730
944
8617
7521
8840
719
2905
2975
6048
7223
3219
1934
8204
8296
4977
169
135
5379
5525
7567
2192
7608
4992
8216
8348
1422
7489
1515
7951
8
6503
2100
7397
4892
9312
149
7624
5663
3758
2105
1591
5976
8272
8137
4314
5329
3737
2471
3550
2121
2799
3898
5304
4147
6370
4355
6197
4238
4893
6616
1149
8933
1371
4213
2172
1772
7470
1546
1927
4626
7164
6675
5526
2440
8104
5697
3287
4741
6831
3118
7733
5225
2859
7775
5742
6625
2424
6706
3894
1141
8658
2469
3879
2780
3251
4985
1635
6013
6610
7120
184
9008
6942
8457
5256
4110
2435
3006
2932
9142
2877
1210
4901
7995
2368
4175
7126
4913
1101
5419
6237
6373
5817
3691
2039
9224
7374
549
6628
4188
8716
7109
371
1719
6068
8633
4800
1292
6242
8372
5948
2115
3246
5421
2828
3378
7922
9109
3689
3242
6108
7259
6118
86
669
6758
95
6939
704
1038
844
4040
4310
4368
3152
1740
3177
4141
3121
1374
3375
7249
1636
6471
3775
8242
172
6078
8290
6512
6542
2452
6340
8985
7956
8839
7689
5580
7926
6826
7363
9181
7552
1993
1284
5777
3419
5912
8181
7482
8266
8311
4457
8847
4519
1526
1190
6462
2464
6544
1812
1238
2041
1658
2927
4294
8253
1345
478
5712
3856
8702
3311
2199
2307
4094
2019
8315
7372
8145
4304
8237
6175
124
3585
1054
1496
7088
9364
2525
8765
1953
9017
3143
3910
6618
5785
1892
420
7060
1388
3067
3470
1006
5802
3676
4009
4364
7157
8850
2076
1846
4771
8761
3429
3183
6438
459
8779
2126
1147
4232
7392
9305
5803
6416
396
2354
5353
7365
2596
2565
9015
624
7413
6927
5230
67
6844
187
256
2348
8289
7968
3579
5147
7333
2429
1426
2655
8003
9280
658
7311
3351
6811
4357
4118
3396
8433
3678
2837
4543
4200
7038
2255
5831
1363
939
6581
2395
115
5011
692
287
7981
6406
5786
2526
7279
6711
8678
682
7420
9090
7546
5443
4596
2267
1052
2570
6784
7147
1770
1644
7630
4483
2855
5904
2205
1294
2854
3596
6105
5721
7629
9402
3268
9167
5434
5682
7427
1777
5794
6851
4569
793
2845
1830
8698
6886
7434
283
8352
1050
4802
8635
615
4265
853
4673
2060
554
6208
7899
3421
4597
5025
813
7662
1127
2716
2112
7069
7091
8262
6713
4058
7880
114
4523
4222
9268
488
4439
4437
6754
7160
1552
5219
6578
5047
3061
2389
2816
7720
7539
8492
2228
5155
260
2030
3520
8966
974
254
9119
6239
1094
5442
4973
3557
955
198
5973
3158
2616
3561
9124
4319
518
3973
4616
4785
5135
2584
1268
8407
728
2161
4835
6751
1870
7364
8556
8084
3146
3135
1798
6868
9415
3663
4862
902
2116
8872
1256
7408
4199
7074
4816
228
7090
5028
1958
6623
8981
190
6103
685
2556
2949
6202
5054
3435
1670
125
6162
4036
5984
9182
641
541
4400
4455
3114
2528
4011
5267
4348
1117
9227
33
5188
1724
4430
9215
8073
7159
4666
8642
3377
6995
7370
8402
3327
8096
381
8602
8841
1720
4428
8756
3800
8963
8282
6157
928
6178
1800
1200
551
7300
6930
2601
5433
3595
7904
7677
5877
2920
6907
4565
3052
8968
1574
5615
7266
2770
5595
2346
8025
5289
7814
4224
9222
7594
893
7318
5413
7335
4996
5523
7161
8922
1989
7670
510
356
8764
1608
5989
4553
2602
6910
4947
3995
1990
269
3615
4899
1747
4675
5432
4042
5060
5642
5189
1246
3555
4773
4870
9288
5837
9143
4253
1500
2687
5930
7297
9393
6797
5587
6224
7271
2776
7389
6568
6447
7977
3202
1372
1573
8822
9161
1537
5552
7760
3838
6273
1313
6595
5093
7127
2739
300
2808
1270
483
1005
5514
5168
4241
2456
1536
8626
8306
4279
7628
7985
4910
3982
5351
2948
2322
3611
7805
7610
3891
9378
2074
8723
3518
1834
3654
7347
6260
3316
4525
49
8707
7850
3661
8024
3361
6350
3936
2875
2035
3717
1913
7782
6733
6718
2749
8270
7664
643
3090
2084
8862
1055
2783
4487
3726
1463
3848
3667
7317
7564
8980
7422
8367
864
4584
8946
4099
7692
9292
1651
2617
7544
4695
1696
3104
1113
8353
8357
5085
1162
5671
197
2235
847
9329
845
2062
754
4235
4881
1100
5249
3718
5547
2763
6775
7555
5765
2843
4774
233
2206
9122
337
8426
3123
1721
3570
8993
6614
3888
3128
3403
1859
9319
1451
4398
547
3401
9081
5090
7344
8458
12
8324
1619
8645
6070
668
1633
4963
4953
6729
954
1062
36
4379
3134
66
9175
1914
231
2983
5723
6530
1481
926
1462
2677
5942
1640
2158
8219
3330
8956
6319
4713
8249
3533
6723
1862
7298
3229
2598
3864
752
13
5602
9424
2576
1905
3986
8141
4114
3270
5534
1807
5063
6787
4635
3782
7732
8771
3184
9074
5579
900
7528
4090
2769
8919
6089
8527
2818
8054
3653
988
8912
7402
3929
862
7098
2319
5852
6277
6285
3283
7541
2272
8921
2938
7502
8198
8870
5810
8250
7702
9335
7115
4098
2908
3286
978
8317
6808
1059
5016
3148
2317
9121
6402
7212
5406
7929
6358
6081
1632
2358
1897
1191
6211
7051
3122
3010
6053
1853
3459
8511
2496
8127
750
2792
9391
8123
4060
8241
1840
2248
2551
6869
4077
1856
8767
42
5617
798
7148
2810
6389
7165
2844
4583
3874
876
5655
5850
7642
4929
6187
5732
4573
3312
8337
8055
57
1626
4577
8875
1120
5452
6742
464
7078
5393
1135
771
9048
2944
8882
9032
908
6672
1881
8568
2175
755
4555
3358
7945
3221
3916
8362
563
3743
1176
9056
6812
4987
9314
8451
1306
2984
4431
9126
1482
2173
7860
3228
9044
4512
4016
4157
6825
2201
833
5079
8584
320
3731
7155
4151
1909
2740
3319
4818
5276
711
6572
7614
3072
8388
439
4628
9318
7251
1403
3180
7533
9125
4812
173
8106
3317
5600
5801
3589
1704
5412
4982
7784
7742
9187
1366
6959
5269
6778
211
8909
8149
8035
4161
7015
8418
638
7329
6776
4518
4600
7875
7559
1873
6354
6652
3985
5460
2079
5707
4786
3023
3707
5537
885
2607
3937
5918
8427
2966
7310
945
85
295
9177
699
3079
1381
5032
5995
5640
2184
910
4206
4940
5278
4880
1678
5718
5303
6383
5708
875
4236
7221
7663
9237
9355
4878
8589
40
7971
1261
5598
800
8177
3328
3359
2508
4190
3860
3197
2838
3101
7494
7213
1921
2500
4550
6093
6060
3081
7472
1184
5694
4367
2718
4108
5144
2805
1296
7366
2144
7071
8962
3349
6865
8661
7488
6574
970
5604
2745
6498
5869
2359
6028
5106
7224
7371
7828
4039
6709
1110
4303
243
1869
1347
1699
1253
9025
1132
8804
5949
4463
3485
8662
9206
5577
5792
8700
5258
623
8540
3263
4724
3527
255
1357
2924
5022
903
1082
1099
2841
1705
5962
3073
2204
3363
5588
285
3532
4517
2384
339
5197
3113
8672
8636
7992
5926
1449
2110
7842
7185
1603
441
6172
4249
8463
3872
6276
9155
5149
1168
2829
3016
7646
921
4125
6240
8871
7082
8130
4834
8034
3367
3885
2789
1389
8213
3784
8122
3773
5842
8703
7574
3546
3220
7128
5988
3449
6289
219
8657
5844
1181
399
6984
7189
4378
873
5129
8586
3201
6537
7105
2634
5005
330
2263
1941
7182
3887
6386
8582
4948
177
4442
3045
4313
7250
2259
2067
8998
565
4762
7540
9183
3941
5286
8369
3234
7506
1843
3127
3859
2012
9169
7337
3535
9123
7913
2872
5395
4637
3340
1063
598
3279
4369
1774
4179
2982
1129
7557
2031
5826
2727
5623
7484
4653
3573
3430
9257
8834
3111
6445
5518
1254
6376
1209
5009
4694
916
7582
8996
386
312
8784
4178
2648
6750
206
9038
1219
1408
6566
9235
8950
5627
46
4781
7621
1328
110
6314
4627
3166
1130
4631
7180
2976
3792
3446
7195
1340
1851
2884
1951
7915
1392
2691
8334
5207
1968
1854
8146
3261
5557
5126
7273
7852
8445
195
7746
2689
5117
7652
7199
7726
1987
5569
9372
1302
7543
6384
1430
1315
1203
5701
4491
7736
8404
8406
3085
5
301
7862
2351
6592
5124
4231
7446
8562
270
7931
3861
806
7824
2937
2732
8399
6771
6853
784
4225
5308
227
2148
8156
7032
6420
8792
3292
8900
4387
423
7028
659
8187
4063
8243
7140
6111
4538
6477
3739
2644
111
9084
8441
5657
5046
3307
1450
174
2873
214
1010
788
2929
525
3175
7776
1560
8831
8721
8112
251
1480
9001
3716
6584
6955
4609
2537
5507
2095
6196
5080
7387
4949
2907
3610
442
3344
634
7592
6841
7523
2931
1377
5827
6508
6287
8734
427
7468
3190
8762
2549
5724
508
5287
3390
361
1583
8172
7257
2767
8425
1024
6010
1495
186
7581
2595
8742
973
8710
7057
6892
8087
2965
4197
3097
8828
2750
8530
4671
2886
4976
3503
851
8926
6347
6659
20
2812
4240
6722
9136
4451
468
4554
6320
3903
1104
5367
7476
5466
2611
9154
3911
7480
3160
1173
8668
553
2899
632
2503
7353
2542
7478
9213
4159
8506
4275
8596
4351
2857
9230
1356
5647
2952
6344
712
765
7878
2194
2054
2669
980
5015
6622
8819
2328
6658
4506
2052
6433
5157
415
5153
706
7718
1815
3125
1136
73
5914
5692
1335
681
2217
7761
6522
398
5375
4560
2077
8824
7623
629
6377
7137
6334
6519
3322
4105
179
8069
8898
5030
1484
5370
5835
7163
4140
4454
6467
6991
1068
7217
2694
3084
1645
7367
3878
9223
8833
6880
3033
4496
9354
4082
313
8142
5807
3186
2597
8861
257
3740
6744
8394
7604
9131
8677
2544
97
2321
7072
3112
5607
5208
8865
4594
7023
223
4668
5101
4354
7121
8526
8256
1803
2578
1036
2782
2848
4566
6944
1150
3074
4220
7871
152
5592
2061
7239
714
2306
16
2785
7061
6613
8107
5292
9127
4770
5950
5645
8903
839
148
5417
2507
2663
5789
3975
5397
9105
3423
4106
6325
5575
3393
4747
4160
561
4473
338
838
8126
5678
6615
1966
6472
7469
8464
4299
572
7682
4722
5091
242
6432
8066
4421
5531
6630
2658
5829
8313
3869
7505
2470
4796
5871
1468
8132
595
446
6168
9037
4136
656
2458
7495
1698
6998
1285
2757
2766
8449
4043
2888
3889
5407
1304
2427
2264
8201
50
2806
6394
6699
2008
687
7580
4321
6705
157
6269
6695
5387
2898
5111
9418
2327
7130
7355
3547
2225
6924
5651
1022
1090
5352
3699
9247
736
3956
402
1004
8046
360
5790
2477
953
5838
278
4995
2659
5638
4261
3701
7228
5622
4089
5163
627
3418
969
6292
4779
5184
9381
9194
2251
4246
1290
5143
7879
8105
2671
8555
207
5057
7464
8015
5875
426
1769
9043
2171
5791
6301
3828
2164
3855
8564
8138
3383
2221
1252
8363
2896
2543
6481
2127
414
6012
5372
8271
253
2249
2807
4699
7868
6114
3827
5362
5038
8489
1061
9239
3630
4623
3761
5880
1937
4464
8588
1995
8654
7016
8442
8692
4662
3572
4075
6793
2827
1620
1945
271
3797
4465
4276
7570
8421
7238
4860
3296
4677
1757
7124
5236
5768
4571
2098
3605
8028
4091
2955
644
6463
6994
1263
7219
3497
6783
2519
1617
3950
1334
8609
1935
7210
7545
9386
6752
777
7179
8115
8679
150
1185
5010
729
3931
5635
7898
4172
6302
8468
5115
4936
4116
3303
3076
5664
8593
3433
1312
6040
3115
726
8552
472
4186
5327
7466
5290
5226
1402
1676
5562
3159
7433
3620
6496
3639
7008
1043
2300
116
9085
63
5731
2668
861
717
691
4356
5524
3529
7793
4173
8031
7448
7055
8456
883
7508
6740
5784
4660
8390
1419
4874
3818
2840
933
5957
9350
9094
3834
545
6362
815
3346
7197
3214
3607
6382
8060
7000
6371
5720
7276
3060
3422
2117
5178
8587
2416
7328
2425
7131
8798
5418
2756
6293
9405
7551
7110
1727
3132
4717
2304
3714
4792
4429
61
1903
674
5919
105
6473
1333
1088
8631
165
6405
7725
8790
418
3534
858
8118
2339
4918
7274
986
8072
9036
8217
8009
8867
3571
9200
7744
5800
4898
2286
7666
6573
6249
1974
2020
2573
2257
6091
7247
4788
4564
6609
6730
9053
8706
3445
9120
2202
8516
4632
4746
6796
1115
2679
4080
8686
1936
5568
8743
5007
4300
1154
580
1396
3211
4643
5797
8895
1671
7284
6491
8619
6527
4203
4
664
4424
1979
9297
4588
6640
3807
8153
1516
7723
6950
2559
4934
1875
4891
3583
127
7569
7357
30
4828
3336
7918
1417
7576
5822
2335
8574
5576
7429
4062
2862
7073
6909
3037
6533
7309
2521
1837
4537
1779
3038
1491
8958
4805
6088
3342
7230
5253
6835
138
6694
6167
947
8670
6049
7287
4064
1385
5809
4882
6917
2331
6828
4905
6885
2163
1199
1276
9087
336
2166
757
6877
9152
9147
3013
3877
3978
8328
5175
3650
2051
9409
6170
2562
5042
8736
1680
1323
3015
5357
8942
4794
7755
5488
5934
3409
457
2132
4230
5643
7810
1841
7439
3063
2324
3815
403
6047
4804
117
2018
3355
52
3407
2347
1155
5993
3776
163
2914
5699
5659
481
5886
1988
1152
5775
1286
4138
5316
8136
493
6832
7062
7319
503
2558
6802
1625
1030
6809
9051
1376
6914
6979
2386
1858
5002
8308
6883
8580
9007
1531
3762
3538
8520
436
4184
7965
655
731
1234
5841
7462
9185
6087
7283
6422
625
3098
9086
1991
4813
6351
2082
4855
9107
5535
7654
985
1818
8033
6281
3194
5679
1725
5306
2174
531
331
8967
7715
9287
770
7518
6335
7639
576
6736
5779
2480
1337
8058
2308
6846
7886
588
909
5472
4703
3914
2086
2683
9392
6286
6294
6685
4961
4292
8085
1075
5450
4169
8304
4955
2981
3
335
3826
6366
7900
6845
8772
4745
3376
6985
1251
8486
1485
550
8231
8680
6262
8273
6083
7548
2438
2632
5416
7349
250
4922
665
9196
3687
9026
9275
8462
1386
1087
7707
4823
6209
2554
4208
2430
8603
581
5272
5214
5574
159
9310
8893
3309
8169
8166
5283
8116
8539
6934
6650
2431
7993
1716
2479
8952
5925
6193
7510
3243
1714
9311
3537
689
3395
9403
6520
8144
9248
3304
7399
8614
452
9214
1884
5873
3144
7065
2729
4274
3606
6034
1370
6931
3559
8005
7348
4748
8503
6452
1606
128
6304
1001
3621
3244
1387
1078
1424
9159
2728
2550
5489
4946
619
6988
8154
1900
7849
2036
5630
5522
7766
7883
1628
1780
6794
4902
5382
6605
4958
1161
8569
2942
5044
790
3927
7832
1882
4807
2124
8986
6468
5913
4743
2448
2684
4417
675
584
5541
1535
6016
5529
5462
4446
2474
2268
145
4768
6153
3405
2921
8813
6102
7134
7514
8101
688
6011
5156
9148
4254
3370
666
693
304
4561
2530
1885
5686
8533
2185
4202
1896
7421
4500
357
1332
6499
7792
1641
2985
4587
4954
3252
1948
3120
1602
8656
38
234
3498
55
9399
6840
6583
241
2138
1367
8987
3080
6801
816
7649
5112
5340
8103
637
1
9198
7983
8643
7313
2583
4247
1046
7296
2714
766
6852
6590
516
9231
6203
7342
3655
3922
2622
5478
3150
24
1322
6789
6357
5083
2168
5885
4716
5770
7894
3934
2209
4601
8918
748
5503
1295
7503
203
9184
2513
4111
6367
5851
5102
8332
6715
7727
216
2864
7246
1920
4107
8674
5608
2653
2592
951
3332
2775
7704
5874
4262
3266
9339
1653
645
7653
8251
9291
2954
7144
5739
4932
1179
3618
1146
4258
1662
6973
8916
373
1000
3450
7851
2029
3030
3188
354
596
1901
6064
1499
6409
1961
3088
2038
437
1212
8752
741
3584
2397
1648
1018
6981
5448
2793
6095
3612
1919
4440
265
3981
3119
5493
7969
1889
5313
1349
5855
8071
7382
4509
6871
3525
3858
8549
4515
8594
6410
8857
1314
633
2450
2133
1471
1131
7807
4260
540
3059
3102
3012
4756
3966
5194
6306
1501
7290
4712
8965
3329
8852
5451
8969
2044
4769
9031
4938
1786
8016
8322
5243
1318
1494
7339
8896
2334
3909
3632
9298
3130
1031
5328
3996
5458
8086
18
6534
1528
230
8989
1020
4267
8541
7253
7815
9052
3350
5180
7113
5796
1649
9171
7735
5409
1208
1618
5081
2407
8725
4104
1553
2289
4617
2281
8268
3578
5866
7808
4969
6634
7961
8376
4242
663
6890
6311
