3500
309
4649
4850
6133
8423
3048
6204
9325
1596
8796
2365
2733
1071
3416
6968
7280
4195
428
6200
3126
4380
4851
4939
7799
3842
7441
7234
526
4087
1240
404
1549
4339
4027
9091
6549
7501
7800
7970
6185
1669
75
8599
8975
1037
5449
529
3298
377
7149
6532
4320
9112
5034
5399
2396
6005
7599
2491
5601
8514
992
4393
7542
2073
8876
3105
2774
6938
1922
812
2065
2162
5848
8139
1581
2520
3179
6847
6867
7172
8720
7256
1765
6136
5963
1630
4345
6562
5543
7272
8500
4456
8391
768
9018
1346
4257
8531
6662
8318
5628
9274
1586
6839
4542
59
2547
8907
7586
3904
569
3347
2330
2342
3711
501
3170
4012
2626
6027
796
8501
7731
5120
3948
3165
9276
789
1532
5997
1047
3852
8043
4931
2295
1194
3744
1706
4013
2709
3939
5039
5502
6953
1788
5892
6407
2796
1616
8483
7910
8490
2915
5364
7269
4389
272
3901
3428
3568
1657
1012
1517
4884
4656
293
6427
3161
43
3491
5748
1879
3940
5385
6493
589
2968
8496
2876
2314
6911
2903
2385
3558
6324
8901
5882
502
4228
7394
3196
2421
8233
8960
7632
9302
4957
9149
6129
5342
5931
2673
3437
2483
3719
9363
6518
1267
5459
6248
7293
413
7474
8340
989
4815
8030
2151
3693
6019
5118
4337
1576
8147
1098
8029
3798
3004
6966
7096
6195
3352
7343
983
5492
1659
7168
5975
277
9229
5927
7843
4999
5074
4720
4990
7116
831
9307
6480
3272
4112
616
597
8995
2155
6164
7242
8314
1445
1034
109
7205
1338
3208
801
2588
6387
6252
4582
758
3469
2666
3041
6806
6369
5716
4960
6785
4797
2889
2002
8897
962
7081
8026
9254
3870
4814
4624
2177
4185
3207
3043
1506
6475
7785
7605
7107
8999
6299
3805
2118
6593
9092
4676
3210
3787
6495
4900
6696
248
6838
6080
4983
267
7041
981
7171
4305
3107
8206
8874
2832
708
4218
4171
8133
2619
4669
3460
2455
5388
144
2846
6739
7531
7445
4933
1007
6746
1563
9095
7617
9296
5591
8351
7336
4906
1732
7181
2292
4548
8280
6436
5812
6059
8461
7787
2515
6216
767
9331
1605
6624
8553
3808
3463
8414
9259
7354
2072
4868
5255
1076
1474
2852
1760
7033
548
6666
4618
7960
9330
4092
3481
5073
2590
82
7714
1954
7812
2571
2790
4846
3746
205
6341
7942
505
2277
3862
3979
6050
8829
1817
6165
7323
2093
7853
6003
4316
4888
7442
8890
156
1239
1766
2053
7261
2764
830
9035
5311
6156
6753
1148
5435
7497
2561
8740
7486
3182
3954
4604
3629
2971
3282
1378
1023
4541
8131
6100
9011
5776
4848
3399
7087
1477
6323
98
3803
3129
8774
8000
6018
4533
7762
4211
5804
2713
4390
3199
1668
6337
47
4651
7679
3586
1799
4531
8228
7936
5733
5633
5606
907
5298
6056
8385
5819
343
3592
1572
1021
2681
1877
2594
8209
9004
2078
7998
4641
7492
1156
1321
5259
4547
2647
1944
3094
3696
5983
9266
1886
8260
2
6039
6582
3638
3524
1248
1928
2027
6760
3452
8439
8691
1808
8498
333
3335
2011
2867
8611
3928
8858
8275
4824
2555
4061
3205
6983
5960
5879
4359
5727
7499
8782
6142
4120
6763
8616
710
352
2360
1969
8851
3415
4780
5920
7930
259
3504
4576
1182
8393
7056
1810
6338
8089
1287
5636
5211
8189
2310
3509
1845
1566
961
6962
5935
8339
3577
2373
160
2045
4615
6219
48
3987
7579
5661
2193
6022
8970
9414
385
2309
5921
7909
614
7778
6312
594
5728
904
9217
